{
 "cells": [
  {
   "cell_type": "code",
   "execution_count": 1,
   "id": "a0f0b1f9-1481-49ec-bbb9-62c37c45dcaa",
   "metadata": {},
   "outputs": [],
   "source": [
    "import pandas as pd\n",
    "import numpy as np\n",
    "import matplotlib.pyplot as plt\n",
    "from sklearn.metrics import mean_squared_error\n",
    "\n",
    "from statsmodels.tsa.api import VAR\n",
    "\n",
    "import yfinance as yf"
   ]
  },
  {
   "cell_type": "code",
   "execution_count": 2,
   "id": "5cfb4f6b-c82d-4819-81f2-93ff98a8a538",
   "metadata": {},
   "outputs": [],
   "source": [
    "google = yf.Ticker(\"GOOG\")\n",
    "apple = yf.Ticker(\"AAPL\")\n",
    "microsoft = yf.Ticker(\"MSFT\")\n",
    "nvidia = yf.Ticker(\"NVDA\")\n",
    "amazon = yf.Ticker(\"AMZN\")\n",
    "meta = yf.Ticker(\"META\")\n",
    "\n",
    "google_data = google.history(start='2023-01-01', end='2024-01-01')\n",
    "apple_data = apple.history(start='2023-01-01', end='2024-01-01')\n",
    "microsoft_data = microsoft.history(start='2023-01-01', end='2024-01-01')\n",
    "nvidia_data = nvidia.history(start='2023-01-01', end='2024-01-01')\n",
    "amazon_data = amazon.history(start='2023-01-01', end='2024-01-01')\n",
    "meta_data = meta.history(start='2023-01-01', end='2024-01-01')"
   ]
  },
  {
   "cell_type": "code",
   "execution_count": 3,
   "id": "6e791a0e-55c4-4506-82c2-f482e291fa89",
   "metadata": {},
   "outputs": [
    {
     "data": {
      "text/html": [
       "<div>\n",
       "<style scoped>\n",
       "    .dataframe tbody tr th:only-of-type {\n",
       "        vertical-align: middle;\n",
       "    }\n",
       "\n",
       "    .dataframe tbody tr th {\n",
       "        vertical-align: top;\n",
       "    }\n",
       "\n",
       "    .dataframe thead th {\n",
       "        text-align: right;\n",
       "    }\n",
       "</style>\n",
       "<table border=\"1\" class=\"dataframe\">\n",
       "  <thead>\n",
       "    <tr style=\"text-align: right;\">\n",
       "      <th></th>\n",
       "      <th>Apple</th>\n",
       "      <th>Google</th>\n",
       "      <th>Microsoft</th>\n",
       "      <th>Nvidia</th>\n",
       "      <th>Amazon</th>\n",
       "      <th>Meta</th>\n",
       "    </tr>\n",
       "    <tr>\n",
       "      <th>Date</th>\n",
       "      <th></th>\n",
       "      <th></th>\n",
       "      <th></th>\n",
       "      <th></th>\n",
       "      <th></th>\n",
       "      <th></th>\n",
       "    </tr>\n",
       "  </thead>\n",
       "  <tbody>\n",
       "    <tr>\n",
       "      <th>2023-01-03 00:00:00-05:00</th>\n",
       "      <td>124.048050</td>\n",
       "      <td>89.699997</td>\n",
       "      <td>236.609207</td>\n",
       "      <td>143.079788</td>\n",
       "      <td>85.820000</td>\n",
       "      <td>124.607788</td>\n",
       "    </tr>\n",
       "    <tr>\n",
       "      <th>2023-01-04 00:00:00-05:00</th>\n",
       "      <td>125.327507</td>\n",
       "      <td>88.709999</td>\n",
       "      <td>226.259186</td>\n",
       "      <td>147.417694</td>\n",
       "      <td>85.139999</td>\n",
       "      <td>127.235008</td>\n",
       "    </tr>\n",
       "    <tr>\n",
       "      <th>2023-01-05 00:00:00-05:00</th>\n",
       "      <td>123.998459</td>\n",
       "      <td>86.769997</td>\n",
       "      <td>219.553375</td>\n",
       "      <td>142.580048</td>\n",
       "      <td>83.120003</td>\n",
       "      <td>126.805458</td>\n",
       "    </tr>\n",
       "    <tr>\n",
       "      <th>2023-01-06 00:00:00-05:00</th>\n",
       "      <td>128.560867</td>\n",
       "      <td>88.160004</td>\n",
       "      <td>222.140854</td>\n",
       "      <td>148.517120</td>\n",
       "      <td>86.080002</td>\n",
       "      <td>129.882202</td>\n",
       "    </tr>\n",
       "    <tr>\n",
       "      <th>2023-01-09 00:00:00-05:00</th>\n",
       "      <td>129.086548</td>\n",
       "      <td>88.800003</td>\n",
       "      <td>224.303711</td>\n",
       "      <td>156.203354</td>\n",
       "      <td>87.360001</td>\n",
       "      <td>129.332779</td>\n",
       "    </tr>\n",
       "    <tr>\n",
       "      <th>...</th>\n",
       "      <td>...</td>\n",
       "      <td>...</td>\n",
       "      <td>...</td>\n",
       "      <td>...</td>\n",
       "      <td>...</td>\n",
       "      <td>...</td>\n",
       "    </tr>\n",
       "    <tr>\n",
       "      <th>2023-12-22 00:00:00-05:00</th>\n",
       "      <td>193.091385</td>\n",
       "      <td>142.720001</td>\n",
       "      <td>373.215393</td>\n",
       "      <td>488.277069</td>\n",
       "      <td>153.419998</td>\n",
       "      <td>353.015472</td>\n",
       "    </tr>\n",
       "    <tr>\n",
       "      <th>2023-12-26 00:00:00-05:00</th>\n",
       "      <td>192.542831</td>\n",
       "      <td>142.820007</td>\n",
       "      <td>373.295135</td>\n",
       "      <td>492.766907</td>\n",
       "      <td>153.410004</td>\n",
       "      <td>354.453918</td>\n",
       "    </tr>\n",
       "    <tr>\n",
       "      <th>2023-12-27 00:00:00-05:00</th>\n",
       "      <td>192.642548</td>\n",
       "      <td>141.440002</td>\n",
       "      <td>372.707275</td>\n",
       "      <td>494.146820</td>\n",
       "      <td>153.339996</td>\n",
       "      <td>357.450714</td>\n",
       "    </tr>\n",
       "    <tr>\n",
       "      <th>2023-12-28 00:00:00-05:00</th>\n",
       "      <td>193.071426</td>\n",
       "      <td>141.279999</td>\n",
       "      <td>373.912842</td>\n",
       "      <td>495.196777</td>\n",
       "      <td>153.380005</td>\n",
       "      <td>357.940216</td>\n",
       "    </tr>\n",
       "    <tr>\n",
       "      <th>2023-12-29 00:00:00-05:00</th>\n",
       "      <td>192.024185</td>\n",
       "      <td>140.929993</td>\n",
       "      <td>374.670074</td>\n",
       "      <td>495.196777</td>\n",
       "      <td>151.940002</td>\n",
       "      <td>353.584839</td>\n",
       "    </tr>\n",
       "  </tbody>\n",
       "</table>\n",
       "<p>250 rows × 6 columns</p>\n",
       "</div>"
      ],
      "text/plain": [
       "                                Apple      Google   Microsoft      Nvidia  \\\n",
       "Date                                                                        \n",
       "2023-01-03 00:00:00-05:00  124.048050   89.699997  236.609207  143.079788   \n",
       "2023-01-04 00:00:00-05:00  125.327507   88.709999  226.259186  147.417694   \n",
       "2023-01-05 00:00:00-05:00  123.998459   86.769997  219.553375  142.580048   \n",
       "2023-01-06 00:00:00-05:00  128.560867   88.160004  222.140854  148.517120   \n",
       "2023-01-09 00:00:00-05:00  129.086548   88.800003  224.303711  156.203354   \n",
       "...                               ...         ...         ...         ...   \n",
       "2023-12-22 00:00:00-05:00  193.091385  142.720001  373.215393  488.277069   \n",
       "2023-12-26 00:00:00-05:00  192.542831  142.820007  373.295135  492.766907   \n",
       "2023-12-27 00:00:00-05:00  192.642548  141.440002  372.707275  494.146820   \n",
       "2023-12-28 00:00:00-05:00  193.071426  141.279999  373.912842  495.196777   \n",
       "2023-12-29 00:00:00-05:00  192.024185  140.929993  374.670074  495.196777   \n",
       "\n",
       "                               Amazon        Meta  \n",
       "Date                                               \n",
       "2023-01-03 00:00:00-05:00   85.820000  124.607788  \n",
       "2023-01-04 00:00:00-05:00   85.139999  127.235008  \n",
       "2023-01-05 00:00:00-05:00   83.120003  126.805458  \n",
       "2023-01-06 00:00:00-05:00   86.080002  129.882202  \n",
       "2023-01-09 00:00:00-05:00   87.360001  129.332779  \n",
       "...                               ...         ...  \n",
       "2023-12-22 00:00:00-05:00  153.419998  353.015472  \n",
       "2023-12-26 00:00:00-05:00  153.410004  354.453918  \n",
       "2023-12-27 00:00:00-05:00  153.339996  357.450714  \n",
       "2023-12-28 00:00:00-05:00  153.380005  357.940216  \n",
       "2023-12-29 00:00:00-05:00  151.940002  353.584839  \n",
       "\n",
       "[250 rows x 6 columns]"
      ]
     },
     "execution_count": 3,
     "metadata": {},
     "output_type": "execute_result"
    }
   ],
   "source": [
    "close_df = pd.DataFrame()\n",
    "close_df[\"Apple\"] = apple_data.Close\n",
    "close_df[\"Google\"] = google_data.Close\n",
    "close_df[\"Microsoft\"] = microsoft_data.Close\n",
    "close_df[\"Nvidia\"] = nvidia_data.Close\n",
    "close_df[\"Amazon\"] = amazon_data.Close\n",
    "close_df[\"Meta\"] = meta_data.Close\n",
    "close_df"
   ]
  },
  {
   "cell_type": "code",
   "execution_count": 4,
   "id": "deb111f6-a46e-4021-ad10-2a015c02f5d6",
   "metadata": {},
   "outputs": [
    {
     "data": {
      "text/html": [
       "<div>\n",
       "<style scoped>\n",
       "    .dataframe tbody tr th:only-of-type {\n",
       "        vertical-align: middle;\n",
       "    }\n",
       "\n",
       "    .dataframe tbody tr th {\n",
       "        vertical-align: top;\n",
       "    }\n",
       "\n",
       "    .dataframe thead th {\n",
       "        text-align: right;\n",
       "    }\n",
       "</style>\n",
       "<table border=\"1\" class=\"dataframe\">\n",
       "  <thead>\n",
       "    <tr style=\"text-align: right;\">\n",
       "      <th></th>\n",
       "      <th>Apple</th>\n",
       "      <th>Google</th>\n",
       "      <th>Microsoft</th>\n",
       "      <th>Nvidia</th>\n",
       "      <th>Amazon</th>\n",
       "      <th>Meta</th>\n",
       "    </tr>\n",
       "  </thead>\n",
       "  <tbody>\n",
       "    <tr>\n",
       "      <th>Apple</th>\n",
       "      <td>1.000000</td>\n",
       "      <td>0.851580</td>\n",
       "      <td>0.948934</td>\n",
       "      <td>0.921846</td>\n",
       "      <td>0.884748</td>\n",
       "      <td>0.930395</td>\n",
       "    </tr>\n",
       "    <tr>\n",
       "      <th>Google</th>\n",
       "      <td>0.851580</td>\n",
       "      <td>1.000000</td>\n",
       "      <td>0.900014</td>\n",
       "      <td>0.946143</td>\n",
       "      <td>0.940624</td>\n",
       "      <td>0.952210</td>\n",
       "    </tr>\n",
       "    <tr>\n",
       "      <th>Microsoft</th>\n",
       "      <td>0.948934</td>\n",
       "      <td>0.900014</td>\n",
       "      <td>1.000000</td>\n",
       "      <td>0.936636</td>\n",
       "      <td>0.937690</td>\n",
       "      <td>0.958880</td>\n",
       "    </tr>\n",
       "    <tr>\n",
       "      <th>Nvidia</th>\n",
       "      <td>0.921846</td>\n",
       "      <td>0.946143</td>\n",
       "      <td>0.936636</td>\n",
       "      <td>1.000000</td>\n",
       "      <td>0.955811</td>\n",
       "      <td>0.977675</td>\n",
       "    </tr>\n",
       "    <tr>\n",
       "      <th>Amazon</th>\n",
       "      <td>0.884748</td>\n",
       "      <td>0.940624</td>\n",
       "      <td>0.937690</td>\n",
       "      <td>0.955811</td>\n",
       "      <td>1.000000</td>\n",
       "      <td>0.951626</td>\n",
       "    </tr>\n",
       "    <tr>\n",
       "      <th>Meta</th>\n",
       "      <td>0.930395</td>\n",
       "      <td>0.952210</td>\n",
       "      <td>0.958880</td>\n",
       "      <td>0.977675</td>\n",
       "      <td>0.951626</td>\n",
       "      <td>1.000000</td>\n",
       "    </tr>\n",
       "  </tbody>\n",
       "</table>\n",
       "</div>"
      ],
      "text/plain": [
       "              Apple    Google  Microsoft    Nvidia    Amazon      Meta\n",
       "Apple      1.000000  0.851580   0.948934  0.921846  0.884748  0.930395\n",
       "Google     0.851580  1.000000   0.900014  0.946143  0.940624  0.952210\n",
       "Microsoft  0.948934  0.900014   1.000000  0.936636  0.937690  0.958880\n",
       "Nvidia     0.921846  0.946143   0.936636  1.000000  0.955811  0.977675\n",
       "Amazon     0.884748  0.940624   0.937690  0.955811  1.000000  0.951626\n",
       "Meta       0.930395  0.952210   0.958880  0.977675  0.951626  1.000000"
      ]
     },
     "execution_count": 4,
     "metadata": {},
     "output_type": "execute_result"
    }
   ],
   "source": [
    "close_df.corr()"
   ]
  },
  {
   "cell_type": "code",
   "execution_count": 7,
   "id": "8b954bad-0b55-4bba-ba84-c834d4532050",
   "metadata": {},
   "outputs": [
    {
     "data": {
      "text/html": [
       "<div>\n",
       "<style scoped>\n",
       "    .dataframe tbody tr th:only-of-type {\n",
       "        vertical-align: middle;\n",
       "    }\n",
       "\n",
       "    .dataframe tbody tr th {\n",
       "        vertical-align: top;\n",
       "    }\n",
       "\n",
       "    .dataframe thead th {\n",
       "        text-align: right;\n",
       "    }\n",
       "</style>\n",
       "<table border=\"1\" class=\"dataframe\">\n",
       "  <thead>\n",
       "    <tr style=\"text-align: right;\">\n",
       "      <th></th>\n",
       "      <th>Apple</th>\n",
       "      <th>Google</th>\n",
       "      <th>Microsoft</th>\n",
       "      <th>Nvidia</th>\n",
       "      <th>Amazon</th>\n",
       "      <th>Meta</th>\n",
       "    </tr>\n",
       "  </thead>\n",
       "  <tbody>\n",
       "    <tr>\n",
       "      <th>Apple</th>\n",
       "      <td>1.000000</td>\n",
       "      <td>0.506537</td>\n",
       "      <td>0.537514</td>\n",
       "      <td>0.439919</td>\n",
       "      <td>0.401194</td>\n",
       "      <td>0.532933</td>\n",
       "    </tr>\n",
       "    <tr>\n",
       "      <th>Google</th>\n",
       "      <td>0.506537</td>\n",
       "      <td>1.000000</td>\n",
       "      <td>0.474891</td>\n",
       "      <td>0.438752</td>\n",
       "      <td>0.601035</td>\n",
       "      <td>0.617899</td>\n",
       "    </tr>\n",
       "    <tr>\n",
       "      <th>Microsoft</th>\n",
       "      <td>0.537514</td>\n",
       "      <td>0.474891</td>\n",
       "      <td>1.000000</td>\n",
       "      <td>0.528919</td>\n",
       "      <td>0.548641</td>\n",
       "      <td>0.546735</td>\n",
       "    </tr>\n",
       "    <tr>\n",
       "      <th>Nvidia</th>\n",
       "      <td>0.439919</td>\n",
       "      <td>0.438752</td>\n",
       "      <td>0.528919</td>\n",
       "      <td>1.000000</td>\n",
       "      <td>0.409052</td>\n",
       "      <td>0.485250</td>\n",
       "    </tr>\n",
       "    <tr>\n",
       "      <th>Amazon</th>\n",
       "      <td>0.401194</td>\n",
       "      <td>0.601035</td>\n",
       "      <td>0.548641</td>\n",
       "      <td>0.409052</td>\n",
       "      <td>1.000000</td>\n",
       "      <td>0.601510</td>\n",
       "    </tr>\n",
       "    <tr>\n",
       "      <th>Meta</th>\n",
       "      <td>0.532933</td>\n",
       "      <td>0.617899</td>\n",
       "      <td>0.546735</td>\n",
       "      <td>0.485250</td>\n",
       "      <td>0.601510</td>\n",
       "      <td>1.000000</td>\n",
       "    </tr>\n",
       "  </tbody>\n",
       "</table>\n",
       "</div>"
      ],
      "text/plain": [
       "              Apple    Google  Microsoft    Nvidia    Amazon      Meta\n",
       "Apple      1.000000  0.506537   0.537514  0.439919  0.401194  0.532933\n",
       "Google     0.506537  1.000000   0.474891  0.438752  0.601035  0.617899\n",
       "Microsoft  0.537514  0.474891   1.000000  0.528919  0.548641  0.546735\n",
       "Nvidia     0.439919  0.438752   0.528919  1.000000  0.409052  0.485250\n",
       "Amazon     0.401194  0.601035   0.548641  0.409052  1.000000  0.601510\n",
       "Meta       0.532933  0.617899   0.546735  0.485250  0.601510  1.000000"
      ]
     },
     "execution_count": 7,
     "metadata": {},
     "output_type": "execute_result"
    }
   ],
   "source": [
    "close_df.diff().corr()"
   ]
  },
  {
   "cell_type": "code",
   "execution_count": 9,
   "id": "0da96c75-b44f-4b77-8217-2a18bfeeba25",
   "metadata": {},
   "outputs": [
    {
     "data": {
      "text/html": [
       "<div>\n",
       "<style scoped>\n",
       "    .dataframe tbody tr th:only-of-type {\n",
       "        vertical-align: middle;\n",
       "    }\n",
       "\n",
       "    .dataframe tbody tr th {\n",
       "        vertical-align: top;\n",
       "    }\n",
       "\n",
       "    .dataframe thead th {\n",
       "        text-align: right;\n",
       "    }\n",
       "</style>\n",
       "<table border=\"1\" class=\"dataframe\">\n",
       "  <thead>\n",
       "    <tr style=\"text-align: right;\">\n",
       "      <th></th>\n",
       "      <th>Apple</th>\n",
       "      <th>Google</th>\n",
       "      <th>Microsoft</th>\n",
       "      <th>Nvidia</th>\n",
       "      <th>Amazon</th>\n",
       "      <th>Meta</th>\n",
       "    </tr>\n",
       "  </thead>\n",
       "  <tbody>\n",
       "    <tr>\n",
       "      <th>Apple</th>\n",
       "      <td>1.000000</td>\n",
       "      <td>0.531700</td>\n",
       "      <td>0.547209</td>\n",
       "      <td>0.466791</td>\n",
       "      <td>0.435736</td>\n",
       "      <td>0.552409</td>\n",
       "    </tr>\n",
       "    <tr>\n",
       "      <th>Google</th>\n",
       "      <td>0.531700</td>\n",
       "      <td>1.000000</td>\n",
       "      <td>0.508732</td>\n",
       "      <td>0.433982</td>\n",
       "      <td>0.615009</td>\n",
       "      <td>0.621317</td>\n",
       "    </tr>\n",
       "    <tr>\n",
       "      <th>Microsoft</th>\n",
       "      <td>0.547209</td>\n",
       "      <td>0.508732</td>\n",
       "      <td>1.000000</td>\n",
       "      <td>0.551662</td>\n",
       "      <td>0.577404</td>\n",
       "      <td>0.543960</td>\n",
       "    </tr>\n",
       "    <tr>\n",
       "      <th>Nvidia</th>\n",
       "      <td>0.466791</td>\n",
       "      <td>0.433982</td>\n",
       "      <td>0.551662</td>\n",
       "      <td>1.000000</td>\n",
       "      <td>0.415757</td>\n",
       "      <td>0.458350</td>\n",
       "    </tr>\n",
       "    <tr>\n",
       "      <th>Amazon</th>\n",
       "      <td>0.435736</td>\n",
       "      <td>0.615009</td>\n",
       "      <td>0.577404</td>\n",
       "      <td>0.415757</td>\n",
       "      <td>1.000000</td>\n",
       "      <td>0.589572</td>\n",
       "    </tr>\n",
       "    <tr>\n",
       "      <th>Meta</th>\n",
       "      <td>0.552409</td>\n",
       "      <td>0.621317</td>\n",
       "      <td>0.543960</td>\n",
       "      <td>0.458350</td>\n",
       "      <td>0.589572</td>\n",
       "      <td>1.000000</td>\n",
       "    </tr>\n",
       "  </tbody>\n",
       "</table>\n",
       "</div>"
      ],
      "text/plain": [
       "              Apple    Google  Microsoft    Nvidia    Amazon      Meta\n",
       "Apple      1.000000  0.531700   0.547209  0.466791  0.435736  0.552409\n",
       "Google     0.531700  1.000000   0.508732  0.433982  0.615009  0.621317\n",
       "Microsoft  0.547209  0.508732   1.000000  0.551662  0.577404  0.543960\n",
       "Nvidia     0.466791  0.433982   0.551662  1.000000  0.415757  0.458350\n",
       "Amazon     0.435736  0.615009   0.577404  0.415757  1.000000  0.589572\n",
       "Meta       0.552409  0.621317   0.543960  0.458350  0.589572  1.000000"
      ]
     },
     "execution_count": 9,
     "metadata": {},
     "output_type": "execute_result"
    }
   ],
   "source": [
    "(close_df.diff()/close_df).corr()"
   ]
  },
  {
   "cell_type": "markdown",
   "id": "99375af3-974e-4666-828f-729566b1cffb",
   "metadata": {},
   "source": [
    "Actual prices have strong correlation among themselves but the price mevements themselves do have have that strong a correlation."
   ]
  },
  {
   "cell_type": "code",
   "execution_count": 8,
   "id": "e27db1f5-9096-4b2a-a68d-d8110ad17c49",
   "metadata": {},
   "outputs": [
    {
     "data": {
      "text/plain": [
       "<Axes: xlabel='Date'>"
      ]
     },
     "execution_count": 8,
     "metadata": {},
     "output_type": "execute_result"
    },
    {
     "data": {
